0, 6.133333333333334
0.032258064, 2.6666666666666665
0.06451613, 2.6666666666666665
0.09677419, 1.4666666666666666
0.12903225, 0.8
0.16129032, 0.6666666666666666
0.19354838, 0.6666666666666666
0.22580644, 0.6666666666666666
0.2580645, 0.13333333333333333
0.29032257, 0
0.32258064, 0.13333333333333333
0.3548387, 0.13333333333333333
0.38709676, 0.13333333333333333
0.41935483, 0.13333333333333333
0.4516129, 0.9333333333333333
0.48387095, 0.26666666666666666
0.516129, 0.13333333333333333
0.5483871, 0.6666666666666666
0.58064514, 0.13333333333333333
0.61290324, 0.9333333333333333
0.6451613, 0
0.67741936, 0.13333333333333333
0.7096774, 0.13333333333333333
0.7419355, 0.6666666666666666
0.7741935, 0
0.8064516, 0.6666666666666666
0.83870965, 0.13333333333333333
0.87096775, 0.13333333333333333
0.9032258, 0.13333333333333333
0.9354839, 0.3333333333333333
0.9677419, 0.13333333333333333
1, 0

